shape_id,shape_pt_lat,shape_pt_lon,shape_pt_sequence,shape_dist_traveled
10867637:6112,35.28292800,-120.66243000,0,0.000000
10867637:6112,35.28295135,-120.66239166,1,4.342079
10867637:6112,35.28264999,-120.66218567,2,42.715538
10867637:6112,35.28349304,-120.66075134,3,203.145784
10867637:6112,35.28258896,-120.65995026,4,327.216397
10867637:6112,35.28332138,-120.65866852,5,469.231744
10867637:6112,35.28332138,-120.65866852,6,469.231744
10867637:6112,35.28580093,-120.65499115,7,902.165056
10867637:6112,35.28580475,-120.65499115,8,902.589231
10867637:6112,35.28659058,-120.65384674,9,1038.327677
10867637:6112,35.28718185,-120.65321350,10,1125.655679
10867637:6112,35.28718185,-120.65321350,11,1125.655679
10867637:6112,35.28863144,-120.65164948,12,1340.441408
10867637:6112,35.28937912,-120.65232849,13,1443.931265
10867637:6112,35.28937912,-120.65232849,14,1443.931265
10867637:6112,35.29026031,-120.65308380,15,1563.515959
10867637:6112,35.29108047,-120.65312195,16,1654.779278
10867637:6112,35.29127121,-120.65310669,17,1676.033194
10867637:6112,35.29127121,-120.65310669,18,1676.033194
10867637:6112,35.29407120,-120.65308380,19,1987.384561
10867637:6112,35.29407120,-120.65308380,20,1987.384561
10867637:6112,35.29623032,-120.65306091,21,2227.476587
10867637:6112,35.29700089,-120.65331268,22,2316.154210
10867637:6112,35.29727936,-120.65357971,23,2355.474625
10867637:6112,35.29933167,-120.65653229,24,2707.435997
10867637:6112,35.30017090,-120.65718079,25,2817.762146
10867637:6112,35.30031967,-120.65753174,26,2853.651139
10867637:6112,35.30031967,-120.65753174,27,2853.651139
10867637:6112,35.30044174,-120.65808105,28,2905.316482
10867637:6112,35.30110931,-120.65802002,29,2979.753467
10867637:6112,35.30136108,-120.65805054,30,3007.885665
10867637:6112,35.30152893,-120.65814972,31,3028.606317
10867637:6112,35.30247116,-120.65886688,32,3151.945570
10867637:6112,35.30266953,-120.65917969,33,3187.894096
10867637:6112,35.30282974,-120.65956879,34,3227.443565
10867637:6112,35.30287933,-120.65988922,35,3257.040321
10867637:6112,35.30284119,-120.66043854,36,3307.069365
10867637:6112,35.30228043,-120.66349030,37,3590.941506
10867637:6112,35.30226898,-120.66356659,38,3597.980986
10867637:6112,35.30226898,-120.66356659,39,3597.980986
10867637:6112,35.30211258,-120.66448212,40,3682.863862
10867637:6112,35.30206680,-120.66458893,41,3693.812016
10867637:6112,35.30189133,-120.66542053,42,3771.760173
10867637:6112,35.30170059,-120.66638947,43,3862.210897
10867637:6112,35.30221939,-120.66638947,44,3919.898695
10867637:6112,35.30271912,-120.66655731,45,3977.515420
10867637:6112,35.30260086,-120.66687012,46,4008.799386
10867637:6112,35.30247116,-120.66755676,47,4072.757965
10867637:6112,35.30247116,-120.66755676,48,4072.757965
10867637:6112,35.30231857,-120.66813660,49,4128.044443
10867637:6112,35.30197144,-120.66870117,50,4192.191783
10867637:6112,35.30054092,-120.67008972,51,4395.120957
10867637:6112,35.29975891,-120.67073059,52,4499.733540
10867637:6112,35.29928970,-120.67099762,53,4557.260227
10867637:6112,35.29895020,-120.67147064,54,4614.426171
10867637:6112,35.29888916,-120.67170715,55,4636.937366
10867637:6112,35.29885101,-120.67263794,56,4721.514156
10867637:6112,35.29880142,-120.67288208,57,4744.346219
10867637:6112,35.29813004,-120.67453766,58,4912.118567
10867637:6112,35.29804993,-120.67494965,59,4950.553901
10867637:6112,35.29804993,-120.67549896,60,5000.405764
10867637:6112,35.29821014,-120.67639160,61,5083.350785
10867637:6112,35.29822922,-120.67774963,62,5206.613657
10867637:6112,35.29822922,-120.67774963,63,5206.613657
10867637:6112,35.29822922,-120.67839813,64,5265.466420
10867637:6112,35.29827118,-120.68070984,65,5475.311036
10867637:6112,35.29827118,-120.68070984,66,5475.311036
10867637:6112,35.29825974,-120.68350983,67,5729.419567
10867637:6112,35.29790900,-120.68356300,68,5768.716944
10867637:6112,35.29790878,-120.68350983,69,5773.542628
10867637:6112,35.29443112,-120.68356991,70,6160.279664
10867637:6112,35.29415131,-120.68350983,71,6191.867625
10867637:6112,35.29415131,-120.68208313,72,6321.350228
10867637:6112,35.29415131,-120.68208313,73,6321.350228
10867637:6112,35.29415131,-120.67800140,74,6691.795107
10867637:6112,35.29288864,-120.67801666,75,6832.203855
10867637:6112,35.29290009,-120.67746735,76,6882.075131
10867637:6112,35.29290009,-120.67746735,77,6882.075131
10867637:6112,35.29290009,-120.67485809,78,7118.886546
10867637:6112,35.29280090,-120.67436218,79,7165.226087
10867637:6112,35.29277039,-120.67402649,80,7195.881491
10867637:6112,35.29277039,-120.67402649,81,7195.881491
10867637:6112,35.29278183,-120.67172241,82,7404.999856
10867637:6112,35.29410172,-120.67167664,83,7551.823192
10867637:6112,35.29407883,-120.66989899,84,7713.177324
10867637:6112,35.29407883,-120.66989899,85,7713.177324
10867637:6112,35.29405975,-120.66805267,86,7880.756636
10867637:6112,35.29312134,-120.66767883,87,7990.481162
10867637:6112,35.29312134,-120.66767883,88,7990.481162
10867637:6112,35.29240036,-120.66744232,89,8073.474194
10867637:6112,35.29061127,-120.66693115,90,8277.750301
10867637:6112,35.29005814,-120.66658020,91,8347.014391
10867637:6112,35.29005814,-120.66658020,92,8347.014391
10867637:6112,35.28971863,-120.66629028,93,8393.031497
10867637:6112,35.28966904,-120.66616821,94,8405.407236
10867637:6112,35.28591156,-120.66285706,95,8920.079827
10867637:6112,35.28434753,-120.66148376,96,9134.048995
10867637:6112,35.28347015,-120.66284180,97,9291.251445
10867637:6112,35.28306961,-120.66249084,98,9346.009522
10867637:6112,35.28295135,-120.66239166,99,9361.945520
10867637:6112,35.28292800,-120.66243000,100,9366.287599
11096761:1606,35.25068957,-120.68566806,0,0.000000
11096761:1606,35.25064087,-120.68576050,1,9.989104
11096761:1606,35.25342941,-120.68820190,2,391.159581
11096761:1606,35.25540161,-120.68981171,3,654.708784
11096761:1606,35.25664902,-120.69071960,4,816.062328
11096761:1606,35.25677109,-120.69090271,5,837.525294
11096761:1606,35.25777817,-120.69172668,6,972.200324
11096761:1606,35.25794983,-120.69185638,7,994.628677
11096761:1606,35.25794983,-120.69185638,8,994.628677
11096761:1606,35.25825882,-120.69214630,9,1037.911706
11096761:1606,35.25962830,-120.69380188,10,1251.886247
11096761:1606,35.25968933,-120.69386292,11,1260.648173
11096761:1606,35.25968933,-120.69386292,12,1260.648173
11096761:1606,35.26229858,-120.69699860,13,1667.137463
11096761:1606,35.26235962,-120.69705963,14,1675.899273
11096761:1606,35.26237106,-120.69705963,15,1677.171798
11096761:1606,35.26340866,-120.69828033,16,1837.155618
11096761:1606,35.26351929,-120.69833374,17,1850.377838
11096761:1606,35.26520157,-120.70030975,18,2109.563607
11096761:1606,35.26520157,-120.70030975,19,2109.563607
11096761:1606,35.26725006,-120.70275116,20,2427.390223
11096761:1606,35.26729965,-120.70290375,21,2442.300385
11096761:1606,35.26739883,-120.70301819,22,2457.452140
11096761:1606,35.26739883,-120.70301819,23,2457.452140
11096761:1606,35.26842117,-120.70419312,24,2613.339286
11096761:1606,35.27384949,-120.70899200,25,3357.738705
11096761:1606,35.27384949,-120.70899200,26,3357.738705
11096761:1606,35.27576065,-120.71067047,27,3619.229589
11096761:1606,35.27661133,-120.71161652,28,3746.989888
11096761:1606,35.28131104,-120.70877838,29,4329.627118
11096761:1606,35.28203964,-120.70796204,30,4439.420975
11096761:1606,35.28271103,-120.70649719,31,4591.909583
11096761:1606,35.28271103,-120.70649719,32,4591.909583
11096761:1606,35.28424072,-120.70310211,33,4943.902974
11096761:1606,35.28638077,-120.70023346,34,5296.639341
11096761:1606,35.28807068,-120.69609070,35,5716.994342
11096761:1606,35.28992844,-120.69219208,36,6126.728193
11096761:1606,35.29129028,-120.69017792,37,6364.108845
11096761:1606,35.29206085,-120.68859100,38,6531.696593
11096761:1606,35.29370880,-120.68672943,39,6780.942254
11096761:1606,35.29397964,-120.68631744,40,6828.953439
11096761:1606,35.29415131,-120.68553162,41,6902.782969
11096761:1606,35.29415131,-120.68208313,42,7215.756960
11096761:1606,35.29415131,-120.68208313,43,7215.756960
11096761:1606,35.29415131,-120.67800140,44,7586.201839
11096761:1606,35.29288864,-120.67801666,45,7726.610588
11096761:1606,35.29290009,-120.67746735,46,7776.481864
11096761:1606,35.29290009,-120.67746735,47,7776.481864
11096761:1606,35.29290009,-120.67485809,48,8013.293279
11096761:1606,35.29280090,-120.67436218,49,8059.632819
11096761:1606,35.29277039,-120.67402649,50,8090.288223
11096761:1606,35.29277039,-120.67402649,51,8090.288223
11096761:1606,35.29278183,-120.67172241,52,8299.406589
11096761:1606,35.29410172,-120.67167664,53,8446.229924
11096761:1606,35.29407883,-120.66989899,54,8607.584056
11096761:1606,35.29407120,-120.66989899,55,8608.432406
11096761:1606,35.29405975,-120.66805267,56,8776.003137
11096761:1606,35.29328918,-120.66770935,57,8867.176188
11096761:1606,35.29312897,-120.66766357,58,8885.469551
11096761:1606,35.29312897,-120.66767883,59,8886.854409
11096761:1606,35.29240036,-120.66744232,60,8970.667212
11096761:1606,35.29061127,-120.66693115,61,9174.943319
11096761:1606,35.29005814,-120.66658020,62,9244.207408
11096761:1606,35.29005814,-120.66658020,63,9244.207408
11096761:1606,35.28971863,-120.66629028,64,9290.224515
11096761:1606,35.28966904,-120.66616821,65,9302.600253
11096761:1606,35.28591156,-120.66285706,66,9817.272844
11096761:1606,35.28427505,-120.66141510,67,10041.423664
11096761:1606,35.28351593,-120.66283417,68,10195.424642
11096761:1606,35.28306961,-120.66249084,69,10254.026039
11096761:1606,35.28295135,-120.66239166,70,10269.962037
11096761:1606,35.28292800,-120.66243000,71,10274.304116
11096761:232,35.28292800,-120.66243000,0,0.000000
11096761:232,35.28295135,-120.66239166,1,4.342079
11096761:232,35.28268051,-120.66213989,2,42.147658
11096761:232,35.28348923,-120.66075134,3,196.976699
11096761:232,35.28908920,-120.66568756,4,964.101721
11096761:232,35.28939056,-120.66593933,5,1004.661409
11096761:232,35.28939056,-120.66593933,6,1004.661409
11096761:232,35.29037094,-120.66667938,7,1132.705973
11096761:232,35.29153824,-120.66706085,8,1267.041791
11096761:232,35.29153824,-120.66706085,9,1267.041791
11096761:232,35.29339981,-120.66757202,10,1479.174397
11096761:232,35.29405975,-120.66783905,11,1556.454958
11096761:232,35.29407883,-120.67018127,12,1769.038796
11096761:232,35.29407883,-120.67018127,13,1769.038796
11096761:232,35.29407883,-120.67062378,14,1809.199212
11096761:232,35.29410934,-120.67372131,15,2090.342546
11096761:232,35.29410934,-120.67372131,16,2090.342546
11096761:232,35.29410934,-120.67523956,17,2228.134264
11096761:232,35.29412842,-120.67701721,18,2389.482206
11096761:232,35.29412842,-120.67701721,19,2389.482206
11096761:232,35.29415131,-120.68350983,20,2978.737490
11096761:232,35.29442978,-120.68351746,21,3009.710005
11096761:232,35.29442978,-120.68351746,22,3009.710005
11096761:232,35.29415131,-120.68350983,23,3040.682519
11096761:232,35.29415131,-120.68443298,24,3124.465380
11096761:232,35.29415131,-120.68443298,25,3124.465380
11096761:232,35.29413986,-120.68567657,26,3237.337076
11096761:232,35.29397964,-120.68631744,27,3298.167699
11096761:232,35.29370880,-120.68672943,28,3346.178884
11096761:232,35.29206085,-120.68859100,29,3595.424545
11096761:232,35.29129028,-120.69017792,30,3763.012293
11096761:232,35.28992844,-120.69219208,31,4000.392945
11096761:232,35.28807068,-120.69609070,32,4410.126796
11096761:232,35.28638077,-120.70023346,33,4830.481797
11096761:232,35.28424072,-120.70310211,34,5183.218164
11096761:232,35.28271103,-120.70648956,35,5534.605425
11096761:232,35.28271103,-120.70648956,36,5534.605425
11096761:232,35.28203964,-120.70796204,37,5687.698260
11096761:232,35.28131104,-120.70877838,38,5797.492117
11096761:232,35.27661133,-120.71161652,39,6380.129347
11096761:232,35.27576065,-120.71067047,40,6507.889645
11096761:232,35.27384949,-120.70899200,41,6769.380530
11096761:232,35.27384949,-120.70899200,42,6769.380530
11096761:232,35.26842117,-120.70419312,43,7513.779949
11096761:232,35.26729965,-120.70290375,44,7684.818822
11096761:232,35.26716995,-120.70285034,45,7700.033982
11096761:232,35.26697922,-120.70262909,46,7729.245192
11096761:232,35.26697922,-120.70262909,47,7729.245192
11096761:232,35.26469040,-120.69989777,48,8084.580926
11096761:232,35.26469040,-120.69989777,49,8084.580926
11096761:232,35.26345825,-120.69844818,50,8274.560380
11096761:232,35.26340866,-120.69828033,51,8290.766402
11096761:232,35.26253891,-120.69725800,52,8424.813979
11096761:232,35.26171875,-120.69631195,53,8550.092862
11096761:232,35.26171875,-120.69631195,54,8550.092862
11096761:232,35.26006317,-120.69433594,55,8807.149241
11096761:232,35.26007843,-120.69432831,56,8808.981901
11096761:232,35.25825882,-120.69214630,57,9092.157947
11096761:232,35.25769043,-120.69165039,58,9169.759309
11096761:232,35.25769043,-120.69165039,59,9169.759309
11096761:232,35.25693893,-120.69103241,60,9270.413141
11096761:232,35.25622940,-120.69059753,61,9358.639161
11096761:232,35.25619888,-120.69056702,62,9363.020198
11096761:232,35.25468063,-120.68943024,63,9560.896688
11096761:232,35.25205994,-120.68724823,64,9913.281440
11096761:232,35.25199500,-120.68735500,65,9925.370003
10867636:9607,35.28292800,-120.66243000,0,0.000000
10867636:9607,35.28264618,-120.66211700,1,42.298547
10867636:9607,35.28348923,-120.66071320,2,200.489111
10867636:9607,35.28433609,-120.66144562,3,315.758735
10867636:9607,35.28513718,-120.66220093,4,428.163403
10867636:9607,35.28591156,-120.66285706,5,532.859359
10867636:9607,35.28908920,-120.66568756,6,969.722991
10867636:9607,35.28939056,-120.66593933,7,1010.282679
10867636:9607,35.28939056,-120.66593933,8,1010.282679
10867636:9607,35.29037094,-120.66667938,9,1138.327243
10867636:9607,35.29153824,-120.66706085,10,1272.663061
10867636:9607,35.29153824,-120.66706085,11,1272.663061
10867636:9607,35.29339981,-120.66757202,12,1484.795667
10867636:9607,35.29405975,-120.66783905,13,1562.076229
10867636:9607,35.29407883,-120.67018127,14,1774.660066
10867636:9607,35.29407120,-120.67018127,15,1775.508416
10867636:9607,35.29407120,-120.67047119,16,1801.820415
10867636:9607,35.29410934,-120.67372131,17,2096.822197
10867636:9607,35.29410934,-120.67372131,18,2096.822197
10867636:9607,35.29410934,-120.67523956,19,2234.613915
10867636:9607,35.29412842,-120.67701721,20,2395.961857
10867636:9607,35.29412842,-120.67701721,21,2395.961857
10867636:9607,35.29415131,-120.67800140,22,2485.320344
10867636:9607,35.29288864,-120.67801666,23,2625.729092
10867636:9607,35.29290009,-120.67746735,24,2675.600368
10867636:9607,35.29290009,-120.67746735,25,2675.600368
10867636:9607,35.29290009,-120.67485809,26,2912.411783
10867636:9607,35.29280090,-120.67436218,27,2958.751324
10867636:9607,35.29277039,-120.67402649,28,2989.406728
10867636:9607,35.29277039,-120.67402649,29,2989.406728
10867636:9607,35.29278183,-120.67172241,30,3198.525093
10867636:9607,35.29410172,-120.67167664,31,3345.348429
10867636:9607,35.29409027,-120.67131042,32,3378.608979
10867636:9607,35.29354095,-120.67130280,33,3439.694101
10867636:9607,35.29409027,-120.67131042,34,3500.779223
10867636:9607,35.29415131,-120.68276978,35,4540.817102
10867636:9607,35.29415131,-120.68276978,36,4540.817102
10867636:9607,35.29415131,-120.68350983,37,4607.981874
10867636:9607,35.29825974,-120.68350983,38,5064.818330
10867636:9607,35.29827118,-120.68000031,39,5383.318035
10867636:9607,35.29822922,-120.67778778,40,5584.163968
10867636:9607,35.29822922,-120.67778778,41,5584.163968
10867636:9607,35.29821014,-120.67639160,42,5710.888268
10867636:9607,35.29804993,-120.67549896,43,5793.833290
10867636:9607,35.29804993,-120.67494965,44,5843.685153
10867636:9607,35.29813004,-120.67453766,45,5882.120487
10867636:9607,35.29880142,-120.67288208,46,6049.892834
10867636:9607,35.29885101,-120.67263794,47,6072.724898
10867636:9607,35.29888916,-120.67170715,48,6157.301688
10867636:9607,35.29895020,-120.67147064,49,6179.812883
10867636:9607,35.29928970,-120.67099762,50,6236.978827
10867636:9607,35.29975891,-120.67073059,51,6294.505514
10867636:9607,35.30054092,-120.67008972,52,6399.118097
10867636:9607,35.30213928,-120.66848755,53,6628.742833
10867636:9607,35.30242157,-120.66780853,54,6697.896245
10867636:9607,35.30260086,-120.66673279,55,6797.532324
10867636:9607,35.30278015,-120.66629791,56,6841.745943
10867636:9607,35.30297852,-120.66551971,57,6915.729692
10867636:9607,35.30319977,-120.66504669,58,6965.205432
10867636:9607,35.30366898,-120.66446686,59,7039.304830
10867636:9607,35.30382919,-120.66403961,60,7081.972997
10867636:9607,35.30395126,-120.66349030,61,7133.636254
10867636:9607,35.30226135,-120.66301727,62,7326.386271
10867636:9607,35.30223304,-120.66317843,63,7341.346318
10867636:9607,35.30284119,-120.66043854,64,7599.016846
10867636:9607,35.30287933,-120.65988922,65,7649.045890
10867636:9607,35.30284119,-120.65960693,66,7675.011495
10867636:9607,35.30276871,-120.65940094,67,7695.368166
10867636:9607,35.30266953,-120.65917969,68,7718.275753
10867636:9607,35.30247116,-120.65886688,69,7754.224279
10867636:9607,35.30184174,-120.65834808,70,7838.574511
10867636:9607,35.30136108,-120.65805054,71,7898.454249
10867636:9607,35.30089188,-120.65801239,72,7950.742494
10867636:9607,35.30044174,-120.65808105,73,8001.181531
10867636:9607,35.30036926,-120.65773010,74,8034.034285
10867636:9607,35.30036926,-120.65773010,75,8034.034285
10867636:9607,35.30033875,-120.65756989,76,8048.964738
10867636:9607,35.30017853,-120.65721130,77,8086.063563
10867636:9607,35.30006027,-120.65706635,78,8104.663612
10867636:9607,35.29933167,-120.65653229,79,8199.071164
10867636:9607,35.29727936,-120.65357971,80,8551.032536
10867636:9607,35.29700089,-120.65331268,81,8590.352951
10867636:9607,35.29648972,-120.65312958,82,8649.571749
10867636:9607,35.29600143,-120.65321350,83,8704.397761
10867636:9607,35.29352188,-120.65322876,84,8980.114977
10867636:9607,35.29339981,-120.65323639,85,8993.706226
10867636:9607,35.29339981,-120.65323639,86,8993.706226
10867636:9607,35.29307175,-120.65322876,87,9030.191846
10867636:9607,35.29109955,-120.65326691,88,9249.517640
10867636:9607,35.29109955,-120.65326691,89,9249.517640
10867636:9607,35.29021835,-120.65316772,90,9347.914693
10867636:9607,35.28921890,-120.65232849,91,9482.646511
10867636:9607,35.28921890,-120.65232849,92,9482.646511
10867636:9607,35.28852844,-120.65174866,93,9575.727897
10867636:9607,35.28726959,-120.65309906,94,9761.783402
10867636:9607,35.28726959,-120.65309906,95,9761.783402
10867636:9607,35.28659058,-120.65384674,96,9863.302589
10867636:9607,35.28591919,-120.65482330,97,9979.190954
10867636:9607,35.28591919,-120.65482330,98,9979.190954
10867636:9607,35.28379059,-120.65794373,99,10348.301509
10867636:9607,35.28350067,-120.65837860,100,10399.265884
10867636:9607,35.28350067,-120.65837860,101,10399.265884
10867636:9607,35.28339005,-120.65854645,102,10418.847244
10867636:9607,35.28264236,-120.65994263,103,10570.414253
10867636:9607,35.28348541,-120.66069794,104,10686.552210
10867636:9607,35.28432465,-120.66143036,105,10801.129843
10867636:9607,35.28350449,-120.66286469,106,10960.085273
10867636:9607,35.28292800,-120.66243000,107,11035.357345
trolley:7965,35.28953263,-120.65086037,0,0.000000
trolley:7965,35.28945160,-120.65074921,1,13.527039
trolley:7965,35.28726959,-120.65309906,2,336.570465
trolley:7965,35.28726959,-120.65309906,3,336.570465
trolley:7965,35.28649902,-120.65396881,4,453.076404
trolley:7965,35.28350830,-120.65837860,5,973.463795
trolley:7965,35.28350830,-120.65837860,6,973.463795
trolley:7965,35.28339005,-120.65854645,7,993.588917
trolley:7965,35.28176880,-120.66139984,8,1309.153490
trolley:7965,35.28171158,-120.66149139,9,1319.619835
trolley:7965,35.28171158,-120.66149139,10,1319.619835
trolley:7965,35.28054047,-120.66345215,11,1540.152851
trolley:7965,35.27989960,-120.66288757,12,1627.928339
trolley:7965,35.27883911,-120.66461182,13,1823.893647
trolley:7965,35.27883911,-120.66461182,14,1823.893647
trolley:7965,35.27816010,-120.66573334,15,1950.641738
trolley:7965,35.27737045,-120.66503906,16,2058.722635
trolley:7965,35.27775955,-120.66439819,17,2131.222914
trolley:7965,35.27777863,-120.66436768,18,2134.711803
trolley:7965,35.27870941,-120.66287231,19,2305.409236
trolley:7965,35.27920914,-120.66201019,20,2401.388534
trolley:7965,35.27920914,-120.66201019,21,2401.388534
trolley:7965,35.28047943,-120.65991211,22,2638.501489
trolley:7965,35.28047943,-120.65991211,23,2638.501489
trolley:7965,35.28118896,-120.65873718,24,2771.162508
trolley:7965,35.28176880,-120.65924072,25,2850.194742
trolley:7965,35.28176880,-120.65924072,26,2850.194742
trolley:7965,35.28258896,-120.65995026,27,2961.841329
trolley:7965,35.28332138,-120.65866852,28,3103.856676
trolley:7965,35.28332138,-120.65866852,29,3103.856676
trolley:7965,35.28580093,-120.65499115,30,3536.789989
trolley:7965,35.28580093,-120.65499115,31,3536.789989
trolley:7965,35.28659058,-120.65384674,32,3672.801882
trolley:7965,35.28718185,-120.65321350,33,3760.129884
trolley:7965,35.28718185,-120.65321350,34,3760.129884
trolley:7965,35.28876114,-120.65151978,35,3993.519999
trolley:7965,35.28876114,-120.65151978,36,3993.519999
trolley:7965,35.28916931,-120.65106964,37,4054.586518
trolley:7965,35.29008865,-120.65001678,38,4194.521426
trolley:7965,35.29008865,-120.65001678,39,4194.521426
trolley:7965,35.29030228,-120.64975739,40,4227.965957
trolley:7965,35.29053116,-120.64992523,41,4257.627398
trolley:7965,35.29071045,-120.64998627,42,4278.318949
trolley:7965,35.29071045,-120.64971161,43,4303.247140
trolley:7965,35.29075241,-120.64959717,44,4314.633769
trolley:7965,35.29080963,-120.64950562,45,4325.099377
trolley:7965,35.29065704,-120.64932251,46,4348.849392
trolley:7965,35.29051971,-120.64949036,47,4370.419147
trolley:7965,35.29051971,-120.64949036,48,4370.419147
trolley:7965,35.28945160,-120.65074921,49,4535.223069
trolley:7965,35.28953263,-120.65086037,50,4548.750108
trolley:7407,35.28953263,-120.65086037,0,0.000000
trolley:7407,35.28945160,-120.65074921,1,13.527039
trolley:7407,35.28726959,-120.65309906,2,336.570465
trolley:7407,35.28726959,-120.65309906,3,336.570465
trolley:7407,35.28649902,-120.65396881,4,453.076404
trolley:7407,35.28350830,-120.65837860,5,973.463795
trolley:7407,35.28350830,-120.65837860,6,973.463795
trolley:7407,35.28339005,-120.65854645,7,993.588917
trolley:7407,35.28176880,-120.66139984,8,1309.153490
trolley:7407,35.28171158,-120.66149139,9,1319.619835
trolley:7407,35.28172302,-120.66147614,10,1321.500710
trolley:7407,35.28124237,-120.66229248,11,1412.864678
trolley:7407,35.28293228,-120.66381073,12,1645.892968
trolley:7407,35.28350067,-120.66284943,13,1753.634519
trolley:7407,35.28295135,-120.66239166,14,1827.508628
trolley:7407,35.28295135,-120.66239166,15,1827.508628
trolley:7407,35.28179169,-120.66136169,16,1986.783045
trolley:7407,35.28332138,-120.65866852,17,2284.595768
trolley:7407,35.28332138,-120.65866852,18,2284.595768
trolley:7407,35.28580093,-120.65499115,19,2717.529081
trolley:7407,35.28580093,-120.65499115,20,2717.529081
trolley:7407,35.28659058,-120.65384674,21,2853.540974
trolley:7407,35.28718185,-120.65321350,22,2940.868976
trolley:7407,35.28718185,-120.65321350,23,2940.868976
trolley:7407,35.28876114,-120.65151978,24,3174.259091
trolley:7407,35.28876114,-120.65151978,25,3174.259091
trolley:7407,35.28916931,-120.65106964,26,3235.325610
trolley:7407,35.29008865,-120.65001678,27,3375.260518
trolley:7407,35.29008865,-120.65001678,28,3375.260518
trolley:7407,35.29030228,-120.64975739,29,3408.705049
trolley:7407,35.29053116,-120.64992523,30,3438.366490
trolley:7407,35.29071045,-120.64998627,31,3459.058041
trolley:7407,35.29071045,-120.64971161,32,3483.986232
trolley:7407,35.29075241,-120.64959717,33,3495.372861
trolley:7407,35.29080963,-120.64950562,34,3505.838469
trolley:7407,35.29065704,-120.64932251,35,3529.588484
trolley:7407,35.29051971,-120.64949036,36,3551.158239
trolley:7407,35.29051971,-120.64949036,37,3551.158239
trolley:7407,35.28945160,-120.65074921,38,3715.962161
trolley:7407,35.28953263,-120.65086037,39,3729.489200
10866849:7791,35.28292800,-120.66243000,0,0.000000
10866849:7791,35.28295135,-120.66239166,1,4.342079
10866849:7791,35.28268051,-120.66213989,2,42.147658
10866849:7791,35.28348923,-120.66075134,3,196.976699
10866849:7791,35.28430176,-120.66143799,4,306.737743
10866849:7791,35.28464127,-120.66087341,5,370.387214
10866849:7791,35.28464127,-120.66087341,6,370.387214
10866849:7791,35.28583908,-120.65886688,7,596.019491
10866849:7791,35.28583908,-120.65886688,8,596.019491
10866849:7791,35.28686905,-120.65712738,9,791.070275
10866849:7791,35.28686905,-120.65712738,10,791.070275
10866849:7791,35.28942871,-120.65280151,11,1276.012332
10866849:7791,35.28942871,-120.65280151,12,1276.012332
10866849:7791,35.28960037,-120.65251923,13,1307.962036
10866849:7791,35.29019165,-120.65303802,14,1388.831530
10866849:7791,35.29034042,-120.65310669,15,1406.509310
10866849:7791,35.29127121,-120.65310669,16,1510.008006
10866849:7791,35.29127121,-120.65310669,17,1510.008006
10866849:7791,35.29236984,-120.65309906,18,1632.172363
10866849:7791,35.29238129,-120.65325928,19,1646.769083
10866849:7791,35.29203033,-120.65544891,20,1849.293797
10866849:7791,35.29193878,-120.65564728,21,1869.976139
10866849:7791,35.29179001,-120.65637970,22,1938.477878
10866849:7791,35.29135895,-120.65750122,23,2050.987706
10866849:7791,35.29135895,-120.65763092,24,2062.759258
10866849:7791,35.29087830,-120.65854645,25,2161.557126
10866849:7791,35.29087830,-120.65882111,26,2186.485266
10866849:7791,35.29101944,-120.65923309,27,2227.037595
10866849:7791,35.29096985,-120.66029358,28,2323.445605
10866849:7791,35.29130936,-120.66056061,29,2368.307017
10866849:7791,35.29130936,-120.66056061,30,2368.307017
10866849:7791,35.29558945,-120.66433716,31,2954.807010
10866849:7791,35.29636002,-120.66491699,32,3055.359438
10866849:7791,35.29711914,-120.66525269,33,3145.099812
10866849:7791,35.29999924,-120.66612244,34,3474.935552
10866849:7791,35.30110931,-120.66635132,35,3600.105886
10866849:7791,35.30221939,-120.66641235,36,3723.665015
10866849:7791,35.30266190,-120.66658783,37,3775.381917
10866849:7791,35.30311966,-120.66517639,38,3913.209361
10866849:7791,35.30374146,-120.66430664,39,4018.137252
10866849:7791,35.30395126,-120.66349030,40,4095.804057
10866849:7791,35.30226135,-120.66301727,41,4288.554073
10866849:7791,35.30226135,-120.66301727,42,4288.554073
10866849:7791,35.30179596,-120.66610718,43,4573.692292
10866849:7791,35.30160904,-120.66648865,44,4614.070376
10866849:7791,35.30110931,-120.66635132,45,4671.017682
10866849:7791,35.29999924,-120.66612244,46,4796.188016
10866849:7791,35.29711914,-120.66525269,47,5126.023757
10866849:7791,35.29636002,-120.66491699,48,5215.764131
10866849:7791,35.29558945,-120.66433716,49,5316.316559
10866849:7791,35.29502869,-120.66383362,50,5393.623695
10866849:7791,35.29428864,-120.66581726,51,5591.567559
10866849:7791,35.29428864,-120.66581726,52,5591.567559
10866849:7791,35.29421997,-120.66600037,53,5609.855688
10866849:7791,35.29404068,-120.66681671,54,5686.580079
10866849:7791,35.29407883,-120.67018127,55,5991.967252
10866849:7791,35.29407883,-120.67018127,56,5991.967252
10866849:7791,35.29407883,-120.67062378,57,6032.127667
10866849:7791,35.29410934,-120.67372131,58,6313.271001
10866849:7791,35.29410934,-120.67372131,59,6313.271001
10866849:7791,35.29410934,-120.67556000,60,6480.144388
10866849:7791,35.29412842,-120.67701721,61,6612.413730
10866849:7791,35.29412842,-120.67701721,62,6612.413730
10866849:7791,35.29412842,-120.67722321,63,6631.109084
10866849:7791,35.29415131,-120.68443298,64,7285.451342
10866849:7791,35.29415131,-120.68443298,65,7285.451342
10866849:7791,35.29412079,-120.68582916,66,7412.209717
10866849:7791,35.29393005,-120.68641663,67,7469.589633
10866849:7791,35.29206085,-120.68859100,68,7756.197308
10866849:7791,35.29129028,-120.69017792,69,7923.785055
10866849:7791,35.28987885,-120.69228363,70,8171.084759
10866849:7791,35.28807068,-120.69609070,71,8570.862799
10866849:7791,35.28638077,-120.70023346,72,8991.217801
10866849:7791,35.28419113,-120.70317841,73,9352.786534
10866849:7791,35.28271103,-120.70648956,74,9695.448076
10866849:7791,35.28271103,-120.70648956,75,9695.448076
10866849:7791,35.28203964,-120.70796204,76,9848.540911
10866849:7791,35.28131104,-120.70877838,77,9958.334768
10866849:7791,35.27661133,-120.71161652,78,10540.971998
10866849:7791,35.27576065,-120.71067047,79,10668.732297
10866849:7791,35.27384949,-120.70899200,80,10930.223181
10866849:7791,35.27384949,-120.70899200,81,10930.223181
10866849:7791,35.26842117,-120.70419312,82,11674.622600
10866849:7791,35.26729965,-120.70290375,83,11845.661473
10866849:7791,35.26716995,-120.70285034,84,11860.876633
10866849:7791,35.26697922,-120.70262909,85,11890.087843
10866849:7791,35.26697922,-120.70262909,86,11890.087843
10866849:7791,35.26469040,-120.69989777,87,12245.423577
10866849:7791,35.26469040,-120.69989777,88,12245.423577
10866849:7791,35.26345825,-120.69844818,89,12435.403031
10866849:7791,35.26340103,-120.69828796,90,12451.280031
10866849:7791,35.26171112,-120.69631958,91,12710.603643
10866849:7791,35.26171112,-120.69631958,92,12710.603643
10866849:7791,35.26150131,-120.69606018,93,12743.754155
10866849:7791,35.26007843,-120.69438171,94,12963.428942
10866849:7791,35.26005173,-120.69435120,95,12967.490209
10866849:7791,35.25897980,-120.69307709,96,13133.591745
10866849:7791,35.25825882,-120.69214630,97,13250.079587
10866849:7791,35.25769043,-120.69165039,98,13327.680948
10866849:7791,35.25769043,-120.69165039,99,13327.680948
10866849:7791,35.25677109,-120.69090271,100,13450.396018
10866849:7791,35.25659180,-120.69082642,101,13471.501516
10866849:7791,35.25947189,-120.68405914,102,14164.402080
10866849:7791,35.25947189,-120.68405914,103,14164.402080
10866849:7791,35.26081848,-120.68093872,104,14484.854531
10866849:7791,35.26118851,-120.68031311,105,14554.992560
10866849:7791,35.26116180,-120.68019867,106,14565.799017
10866849:7791,35.26123047,-120.68009949,107,14577.605280
10866849:7791,35.26028061,-120.67880249,108,14735.791602
10866849:7791,35.26021001,-120.67887489,109,14746.030635
10866849:7791,35.25995255,-120.67843628,110,14795.076405
10866849:7791,35.25934219,-120.67774200,111,14887.703296
10866849:7791,35.25902557,-120.67746735,112,14930.847218
10866849:7791,35.25875854,-120.67703247,113,14980.250723
10866849:7791,35.25839233,-120.67691040,114,15022.452967
10866849:7791,35.25827026,-120.67660522,115,15053.308030
10866849:7791,35.25857162,-120.67643738,116,15090.120595
10866849:7791,35.25881958,-120.67688751,117,15139.421647
10866849:7791,35.25923538,-120.67749023,118,15211.063118
10866849:7791,35.25988770,-120.67813873,119,15304.487562
10866849:7791,35.26075745,-120.67916870,120,15439.017838
10866849:7791,35.26148732,-120.67813173,121,15563.320228
10866849:7791,35.26155090,-120.67820740,122,15573.178279
10866849:7791,35.26195908,-120.67774963,123,15634.719658
10866849:7791,35.26242828,-120.67839050,124,15712.871547
10866849:7791,35.26388931,-120.67646027,125,15951.838667
10866849:7791,35.26388931,-120.67646027,126,15951.838667
10866849:7791,35.26451111,-120.67559814,127,16056.275187
10866849:7791,35.26467896,-120.67548370,128,16077.636080
10866849:7791,35.26647949,-120.67301178,129,16378.385351
10866849:7791,35.26795959,-120.67092896,130,16629.070296
10866849:7791,35.26818085,-120.67035675,131,16686.549742
10866849:7791,35.26953125,-120.67027283,132,16836.900856
10866849:7791,35.26950836,-120.66871643,133,16978.220496
10866849:7791,35.26950836,-120.66871643,134,16978.220496
10866849:7791,35.26951981,-120.66815186,135,17029.490987
10866849:7791,35.26950836,-120.66480255,136,17333.558675
10866849:7791,35.26945877,-120.66468048,137,17345.936890
10866849:7791,35.26948166,-120.66200256,138,17589.063836
10866849:7791,35.26948166,-120.66200256,139,17589.063836
10866849:7791,35.26951981,-120.65979004,140,17789.971653
10866849:7791,35.26950836,-120.65901947,141,17859.938961
10866849:7791,35.26950836,-120.65901947,142,17859.938961
10866849:7791,35.26947021,-120.65814972,143,17939.012775
10866849:7791,35.26950073,-120.65695190,144,18047.808820
10866849:7791,35.26977921,-120.65646362,145,18101.881151
10866849:7791,35.27048874,-120.65630341,146,18182.107245
10866849:7791,35.27243042,-120.65615845,147,18398.412988
10866849:7791,35.27243042,-120.65615845,148,18398.412988
10866849:7791,35.27431870,-120.65614319,149,18608.384174
10866849:7791,35.27573013,-120.65644836,150,18767.755214
10866849:7791,35.27573013,-120.65644836,151,18767.755214
10866849:7791,35.27606964,-120.65651703,152,18806.017911
10866849:7791,35.27606964,-120.65624237,153,18830.950610
10866849:7791,35.27544022,-120.65561676,154,18921.082191
10866849:7791,35.27529907,-120.65563202,155,18936.837672
10866849:7791,35.27524948,-120.65551758,156,18948.599172
10866849:7791,35.27526093,-120.65545654,157,18954.284080
10866849:7791,35.27611900,-120.65488400,158,19062.935136
10866849:7791,35.27667999,-120.65470123,159,19127.483325
10866849:7791,35.27748108,-120.65540314,160,19237.002312
10866849:7791,35.27748108,-120.65540314,161,19237.002312
10866849:7791,35.27811813,-120.65599823,162,19326.086763
10866849:7791,35.27878952,-120.65659332,163,19418.235659
10866849:7791,35.27878952,-120.65659332,164,19418.235659
10866849:7791,35.28118896,-120.65873718,165,19748.472320
10866849:7791,35.28176880,-120.65924072,166,19827.504554
10866849:7791,35.28176880,-120.65924072,167,19827.504554
10866849:7791,35.28258896,-120.65995026,168,19939.151142
10866849:7791,35.28347015,-120.66072845,169,20059.942171
10866849:7791,35.28429413,-120.66145325,170,20172.736900
10866849:7791,35.28350830,-120.66285706,171,20327.240960
10866849:7791,35.28295135,-120.66239166,172,20402.206076
10866849:7791,35.28292800,-120.66243000,173,20406.548154
10866897:5830,35.28292800,-120.66243000,0,0.000000
10866897:5830,35.28295135,-120.66239166,1,4.342079
10866897:5830,35.28268051,-120.66213989,2,42.147658
10866897:5830,35.28348923,-120.66075134,3,196.976699
10866897:5830,35.28105164,-120.65859985,4,531.050893
10866897:5830,35.28094864,-120.65852356,5,544.434655
10866897:5830,35.28094864,-120.65852356,6,544.434655
10866897:5830,35.27975845,-120.65746307,7,708.083959
10866897:5830,35.27975845,-120.65746307,8,708.083959
10866897:5830,35.27965927,-120.65735626,9,722.768435
10866897:5830,35.27733994,-120.65527344,10,1042.546519
10866897:5830,35.27650833,-120.65663910,11,1197.204830
10866897:5830,35.27528209,-120.65638040,12,1335.564203
10866897:5830,35.27431870,-120.65614319,13,1444.831708
10866897:5830,35.27256012,-120.65615845,14,1640.381281
10866897:5830,35.27256012,-120.65615845,15,1640.381281
10866897:5830,35.27246857,-120.65615845,16,1650.561481
10866897:5830,35.27056885,-120.65632629,17,1862.349480
10866897:5830,35.26996994,-120.65646362,18,1930.101890
10866897:5830,35.26977158,-120.65661621,19,1956.148176
10866897:5830,35.26956940,-120.65705872,20,2002.183372
10866897:5830,35.26956177,-120.65873718,21,2154.564465
10866897:5830,35.26950836,-120.65904236,22,2182.898988
10866897:5830,35.26950836,-120.65904236,23,2182.898988
10866897:5830,35.26950836,-120.65939331,24,2214.760018
10866897:5830,35.26951981,-120.66058350,25,2322.817953
10866897:5830,35.26956940,-120.66076660,26,2340.331832
10866897:5830,35.26956940,-120.66149902,27,2406.824366
10866897:5830,35.26956940,-120.66149902,28,2406.824366
10866897:5830,35.26955032,-120.66468811,29,2696.351744
10866897:5830,35.26950836,-120.66480255,30,2707.740853
10866897:5830,35.26950836,-120.66902924,31,3091.458475
10866897:5830,35.26951981,-120.66925812,32,3112.276335
10866897:5830,35.26961899,-120.66925812,33,3123.304884
10866897:5830,35.26961899,-120.66925812,34,3123.304884
10866897:5830,35.26951981,-120.66925812,35,3134.333434
10866897:5830,35.26951981,-120.67030334,36,3229.223879
10866897:5830,35.26863098,-120.67037964,37,3328.299057
10866897:5830,35.26795959,-120.67092896,38,3418.078643
10866897:5830,35.26467896,-120.67548370,39,3969.502651
10866897:5830,35.26422882,-120.67623138,40,4053.842704
10866897:5830,35.26429400,-120.67627700,41,4062.190125
10866897:5830,35.26417923,-120.67629242,42,4075.028550
10866897:5830,35.26132965,-120.68020630,43,4551.130027
10866897:5830,35.26079178,-120.67952728,44,4637.024573
10866897:5830,35.26028061,-120.67880249,45,4723.980399
10866897:5830,35.26021001,-120.67887489,46,4734.219432
10866897:5830,35.25990295,-120.67830658,47,4796.092127
10866897:5830,35.25900650,-120.67747498,48,4921.142139
10866897:5830,35.25867081,-120.67694855,49,4981.788392
10866897:5830,35.25839233,-120.67691040,50,5012.946279
10866897:5830,35.25824738,-120.67661285,51,5044.405675
10866897:5830,35.25835037,-120.67649078,52,5060.343422
10866897:5830,35.25852203,-120.67642212,53,5080.423669
10866897:5830,35.25870895,-120.67671967,54,5114.509970
10866897:5830,35.25910568,-120.67732239,55,5184.801433
10866897:5830,35.25987244,-120.67809296,56,5295.092604
10866897:5830,35.26074219,-120.67912292,57,5429.622892
10866897:5830,35.26148732,-120.67813173,58,5551.950404
10866897:5830,35.26155090,-120.67820740,59,5561.808455
10866897:5830,35.26195908,-120.67774963,60,5623.349834
10866897:5830,35.26256180,-120.67852783,61,5720.734219
10866897:5830,35.26097870,-120.68061829,62,5979.599357
10866897:5830,35.26094055,-120.68068695,63,5987.139874
10866897:5830,35.26094055,-120.68068695,64,5987.139874
10866897:5830,35.26081848,-120.68093872,65,6013.725366
10866897:5830,35.25946045,-120.68406677,66,6335.385870
10866897:5830,35.25946045,-120.68406677,67,6335.385870
10866897:5830,35.25664902,-120.69071960,68,7015.545754
10866897:5830,35.25677109,-120.69090271,69,7037.008720
10866897:5830,35.25794983,-120.69185638,70,7194.099504
10866897:5830,35.25794983,-120.69185638,71,7194.099504
10866897:5830,35.25825882,-120.69214630,72,7237.382532
10866897:5830,35.25962830,-120.69380188,73,7451.357074
10866897:5830,35.25968933,-120.69386292,74,7460.118999
10866897:5830,35.25968933,-120.69386292,75,7460.118999
10866897:5830,35.26094055,-120.69535828,76,7654.517505
10866897:5830,35.26237106,-120.69705963,77,7876.245667
10866897:5830,35.26237106,-120.69705963,78,7876.245667
10866897:5830,35.26340866,-120.69828033,79,8036.229487
10866897:5830,35.26351929,-120.69833374,80,8049.451707
10866897:5830,35.26520157,-120.70030975,81,8308.637476
10866897:5830,35.26520157,-120.70030975,82,8308.637476
10866897:5830,35.26725006,-120.70275116,83,8626.464092
10866897:5830,35.26729965,-120.70290375,84,8641.374254
10866897:5830,35.26739883,-120.70301819,85,8656.526009
10866897:5830,35.26748590,-120.70291786,86,8669.818497
10866897:5830,35.26842117,-120.70419312,87,8825.444742
10866897:5830,35.27386093,-120.70899963,88,9571.281351
10866897:5830,35.27386093,-120.70899963,89,9571.281351
10866897:5830,35.27576065,-120.71067047,90,9831.334554
10866897:5830,35.27661133,-120.71161652,91,9959.094853
10866897:5830,35.28131104,-120.70877838,92,10541.732083
10866897:5830,35.28203964,-120.70796204,93,10651.525940
10866897:5830,35.28271103,-120.70649719,94,10804.014548
10866897:5830,35.28271103,-120.70649719,95,10804.014548
10866897:5830,35.28424072,-120.70310211,96,11156.007939
10866897:5830,35.28638077,-120.70023346,97,11508.744306
10866897:5830,35.28807068,-120.69609070,98,11929.099307
10866897:5830,35.28992844,-120.69219208,99,12338.833158
10866897:5830,35.29129028,-120.69017792,100,12576.213810
10866897:5830,35.29206085,-120.68859100,101,12743.801558
10866897:5830,35.29370880,-120.68672943,102,12993.047219
10866897:5830,35.29397964,-120.68631744,103,13041.058404
10866897:5830,35.29415131,-120.68553162,104,13114.887934
10866897:5830,35.29415131,-120.68208313,105,13427.861925
10866897:5830,35.29415131,-120.68208313,106,13427.861925
10866897:5830,35.29415131,-120.67800140,107,13798.306804
10866897:5830,35.29288864,-120.67801666,108,13938.715553
10866897:5830,35.29290009,-120.67746735,109,13988.586829
10866897:5830,35.29290009,-120.67746735,110,13988.586829
10866897:5830,35.29290009,-120.67485809,111,14225.398244
10866897:5830,35.29280090,-120.67436218,112,14271.737784
10866897:5830,35.29277039,-120.67402649,113,14302.393188
10866897:5830,35.29277039,-120.67402649,114,14302.393188
10866897:5830,35.29278183,-120.67172241,115,14511.511554
10866897:5830,35.29410172,-120.67167664,116,14658.334889
10866897:5830,35.29407883,-120.66989899,117,14819.689021
10866897:5830,35.29407120,-120.66989899,118,14820.537371
10866897:5830,35.29404068,-120.66681671,119,15100.296097
10866897:5830,35.29415894,-120.66622162,120,15155.882607
10866897:5830,35.29415894,-120.66622162,121,15155.882607
10866897:5830,35.29502869,-120.66383362,122,15393.208363
10866897:5830,35.29558945,-120.66433716,123,15470.515500
10866897:5830,35.29636002,-120.66491699,124,15571.067927
10866897:5830,35.29711914,-120.66525269,125,15660.808301
10866897:5830,35.29999924,-120.66612244,126,15990.644042
10866897:5830,35.30110931,-120.66635132,127,16115.814376
10866897:5830,35.30167770,-120.66639709,128,16179.152823
10866897:5830,35.30209732,-120.66452789,129,16355.079868
10866897:5830,35.30229950,-120.66329956,130,16468.792902
10866897:5830,35.30226135,-120.66301727,131,16494.758688
10866897:5830,35.30226135,-120.66301727,132,16494.758688
10866897:5830,35.30395126,-120.66349030,133,16687.508705
10866897:5830,35.30366898,-120.66446686,134,16781.522710
10866897:5830,35.30311966,-120.66517639,135,16870.273447
10866897:5830,35.30295181,-120.66602325,136,16949.357516
10866897:5830,35.30274963,-120.66664886,137,17010.419034
10866897:5830,35.30221939,-120.66641235,138,17073.164331
10866897:5830,35.30110931,-120.66635132,139,17196.723460
10866897:5830,35.29999924,-120.66612244,140,17321.893794
10866897:5830,35.29671097,-120.66510010,141,17699.120243
10866897:5830,35.29636002,-120.66491699,142,17741.535156
10866897:5830,35.29558945,-120.66433716,143,17842.087584
10866897:5830,35.29251862,-120.66162872,144,18262.822461
10866897:5830,35.29244995,-120.66162872,145,18270.457611
10866897:5830,35.29209137,-120.66132355,146,18319.006156
10866897:5830,35.29209137,-120.66132355,147,18319.006156
10866897:5830,35.29005051,-120.65959167,148,18595.060707
10866897:5830,35.28976059,-120.65924072,149,18640.380211
10866897:5830,35.28947067,-120.65865326,150,18702.687489
10866897:5830,35.28936005,-120.65850067,151,18721.210913
10866897:5830,35.28921127,-120.65812683,152,18758.959464
10866897:5830,35.29069138,-120.65798187,153,18924.064398
10866897:5830,35.29108047,-120.65762329,154,18978.204171
10866897:5830,35.29145050,-120.65686035,155,19058.750493
10866897:5830,35.29164886,-120.65621185,156,19121.605366
10866897:5830,35.29169083,-120.65550995,157,19185.480634
10866897:5830,35.29164886,-120.65444946,158,19281.843041
10866897:5830,35.29159927,-120.65409088,159,19314.851667
10866897:5830,35.29138947,-120.65326691,160,19393.190009
10866897:5830,35.29109955,-120.65326691,161,19425.427307
10866897:5830,35.29109955,-120.65326691,162,19425.427307
10866897:5830,35.29021835,-120.65316772,163,19523.824361
10866897:5830,35.28953934,-120.65261078,164,19614.686686
10866897:5830,35.28924942,-120.65310669,165,19670.050398
10866897:5830,35.28924942,-120.65310669,166,19670.050398
10866897:5830,35.28744125,-120.65615082,167,20011.757755
10866897:5830,35.28684998,-120.65715027,168,20123.792927
10866897:5830,35.28684998,-120.65715027,169,20123.792927
10866897:5830,35.28675079,-120.65730286,170,20141.497223
10866897:5830,35.28582001,-120.65889740,171,20319.426219
10866897:5830,35.28582001,-120.65889740,172,20319.426219
10866897:5830,35.28554153,-120.65936279,173,20371.801870
10866897:5830,35.28348923,-120.66287231,174,20763.660204
10866897:5830,35.28295135,-120.66239166,175,20837.690685
10866897:5830,35.28292800,-120.66243000,176,20842.032763
10866883:5967,35.28292800,-120.66243000,0,0.000000
10866883:5967,35.28295135,-120.66239166,1,4.342079
10866883:5967,35.28306961,-120.66249084,2,20.278077
10866883:5967,35.28266907,-120.66212463,3,75.853413
10866883:5967,35.27975082,-120.66712189,4,633.577649
10866883:5967,35.27864838,-120.66615295,5,784.452786
10866883:5967,35.27864838,-120.66615295,6,784.452786
10866883:5967,35.27848053,-120.66599274,7,808.113952
10866883:5967,35.27737045,-120.66503906,8,958.880411
10866883:5967,35.27605057,-120.66381836,9,1142.779666
10866883:5967,35.27605057,-120.66381836,10,1142.779666
10866883:5967,35.27587128,-120.66365814,11,1167.457261
10866883:5967,35.27339123,-120.66787166,12,1639.000702
10866883:5967,35.27219009,-120.66980743,13,1859.726249
10866883:5967,35.27114105,-120.67002106,14,1977.975471
10866883:5967,35.27109909,-120.67003632,15,1982.842680
10866883:5967,35.26858902,-120.67037201,16,2263.608703
10866883:5967,35.26811981,-120.67077637,17,2327.402891
10866883:5967,35.26467896,-120.67548370,18,2901.016134
10866883:5967,35.26422882,-120.67623138,19,2985.356187
10866883:5967,35.26429400,-120.67627700,20,2993.703608
10866883:5967,35.26417923,-120.67629242,21,3006.542034
10866883:5967,35.26132965,-120.68020630,22,3482.643510
10866883:5967,35.26079178,-120.67952728,23,3568.538056
10866883:5967,35.26028061,-120.67880249,24,3655.493882
10866883:5967,35.26027298,-120.67881775,25,3657.118408
10866883:5967,35.26010895,-120.67858887,26,3684.768790
10866883:5967,35.25983429,-120.67820740,27,3730.946220
10866883:5967,35.25944138,-120.67779541,28,3788.462083
10866883:5967,35.25910950,-120.67753601,29,3832.240673
10866883:5967,35.25894165,-120.67730713,30,3860.172902
10866883:5967,35.25879669,-120.67704773,31,3888.712934
10866883:5967,35.25868988,-120.67694855,32,3903.617899
10866883:5967,35.25852585,-120.67689514,33,3922.490994
10866883:5967,35.25840759,-120.67686462,34,3935.929196
10866883:5967,35.25833893,-120.67677307,35,3947.216213
10866883:5967,35.25831604,-120.67662048,36,3961.302567
10866883:5967,35.25839615,-120.67649841,37,3975.522038
10866883:5967,35.25849915,-120.67646790,38,3987.305195
10866883:5967,35.25859070,-120.67650604,39,3998.058481
10866883:5967,35.25863647,-120.67658234,40,4006.654748
10866883:5967,35.25865936,-120.67668152,41,4016.012884
10866883:5967,35.25875473,-120.67682648,42,4032.915082
10866883:5967,35.25885010,-120.67700195,43,4052.054077
10866883:5967,35.25898743,-120.67716980,44,4073.628039
10866883:5967,35.25913239,-120.67733002,45,4095.340473
10866883:5967,35.25947571,-120.67768097,46,4145.067415
10866883:5967,35.25988007,-120.67811584,47,4204.906175
10866883:5967,35.26031876,-120.67870331,48,4277.187061
10866883:5967,35.26070023,-120.67920685,49,4339.552487
10866883:5967,35.26155090,-120.67820740,50,4470.632408
10866883:5967,35.26155090,-120.67820740,51,4470.632408
10866883:5967,35.26195908,-120.67774963,52,4532.173787
10866883:5967,35.26256180,-120.67852783,53,4629.558173
10866883:5967,35.26097870,-120.68061829,54,4888.423310
10866883:5967,35.26094055,-120.68068695,55,4895.963827
10866883:5967,35.26094055,-120.68068695,56,4895.963827
10866883:5967,35.26081848,-120.68093872,57,4922.549319
10866883:5967,35.25946045,-120.68406677,58,5244.209823
10866883:5967,35.25946045,-120.68406677,59,5244.209823
10866883:5967,35.25664902,-120.69071960,60,5924.369707
10866883:5967,35.25677109,-120.69090271,61,5945.832673
10866883:5967,35.25794983,-120.69185638,62,6102.923457
10866883:5967,35.25794983,-120.69185638,63,6102.923457
10866883:5967,35.25825882,-120.69214630,64,6146.206485
10866883:5967,35.25968170,-120.69386292,65,6368.300495
10866883:5967,35.25968170,-120.69386292,66,6368.300495
10866883:5967,35.26060867,-120.69499969,67,6514.168511
10866883:5967,35.26229858,-120.69699860,68,6775.411037
10866883:5967,35.26235962,-120.69705963,69,6784.172847
10866883:5967,35.26235962,-120.69705963,70,6784.172847
10866883:5967,35.26340866,-120.69828033,71,6945.076795
10866883:5967,35.26353836,-120.69834900,72,6960.788485
10866883:5967,35.26182938,-120.70049286,73,7232.815156
10866883:5967,35.26174164,-120.70063019,74,7248.646918
10866883:5967,35.26174164,-120.70063019,75,7248.646918
10866883:5967,35.26165009,-120.70076752,76,7264.743548
10866883:5967,35.26203918,-120.70118713,77,7322.392617
10866883:5967,35.26272964,-120.70162964,78,7409.044943
10866883:5967,35.26308823,-120.70195770,79,7458.814330
10866883:5967,35.26308823,-120.70195770,80,7458.814330
10866883:5967,35.26316833,-120.70205688,81,7471.480629
10866883:5967,35.26369858,-120.70149994,82,7549.154472
10866883:5967,35.26480103,-120.70004272,83,7729.518145
10866883:5967,35.26469040,-120.69989777,84,7747.532643
10866883:5967,35.26469040,-120.69989777,85,7747.532643
10866883:5967,35.26345825,-120.69844818,86,7937.512097
10866883:5967,35.26340866,-120.69828033,87,7953.718119
10866883:5967,35.26253891,-120.69725800,88,8087.765696
10866883:5967,35.26171875,-120.69631195,89,8213.044579
10866883:5967,35.26171875,-120.69631195,90,8213.044579
10866883:5967,35.26006317,-120.69433594,91,8470.100958
10866883:5967,35.26007080,-120.69433594,92,8470.949308
10866883:5967,35.26002121,-120.69428253,93,8478.292323
10866883:5967,35.25825882,-120.69214630,94,8754.018381
10866883:5967,35.25769043,-120.69165039,95,8831.619743
10866883:5967,35.25769043,-120.69165039,96,8831.619743
10866883:5967,35.25693893,-120.69103241,97,8932.273575
10866883:5967,35.25622940,-120.69059753,98,9020.499595
10866883:5967,35.25619888,-120.69056702,99,9024.880632
10866883:5967,35.25468063,-120.68943024,100,9222.757122
10866883:5967,35.25205994,-120.68724823,101,9575.141874
10866883:5967,35.25205994,-120.68724823,102,9575.141874
10866883:5967,35.25051117,-120.68582916,103,9790.229058
10866883:5967,35.25040817,-120.68566132,104,9809.293873
10866883:5967,35.25011826,-120.68538666,105,9850.052663
10866883:5967,35.24929810,-120.68469238,106,9960.920408
10866883:5967,35.24822998,-120.68389893,107,10099.836121
10866883:5967,35.24729919,-120.68335724,108,10214.429473
10866883:5967,35.24518967,-120.68256378,109,10459.815556
10866883:5967,35.24356079,-120.68180847,110,10653.491229
10866883:5967,35.24319077,-120.68150330,111,10703.099539
10866883:5967,35.24283981,-120.68105316,112,10759.614490
10866883:5967,35.24266052,-120.68071747,113,10796.040290
10866883:5967,35.24258041,-120.68051147,114,10816.760030
10866883:5967,35.24245071,-120.68000031,115,10865.370426
10866883:5967,35.24245071,-120.68000031,116,10865.370426
10866883:5967,35.24240112,-120.67962646,117,10899.765596
10866883:5967,35.24229050,-120.67762756,118,11081.712067
10866883:5967,35.24222183,-120.67726898,119,11115.159776
10866883:5967,35.24214172,-120.67704010,120,11137.773973
10866883:5967,35.24195862,-120.67665863,121,11177.957344
10866883:5967,35.24441147,-120.67510223,122,11485.149973
10866883:5967,35.24441147,-120.67510223,123,11485.149973
10866883:5967,35.24911880,-120.67227936,124,12067.982677
10866883:5967,35.24911880,-120.67214966,125,12079.760368
10866883:5967,35.24911880,-120.67214966,126,12079.760368
10866883:5967,35.24911880,-120.67227936,127,12091.538060
10866883:5967,35.25400162,-120.66937256,128,12695.241827
10866883:5967,35.25400162,-120.66937256,129,12695.241827
10866883:5967,35.25498962,-120.66885376,130,12814.776924
10866883:5967,35.25648880,-120.66867065,131,12982.304740
10866883:5967,35.25648880,-120.66867065,132,12982.304740
10866883:5967,35.25841141,-120.66854095,133,13196.413044
10866883:5967,35.25957108,-120.66880035,134,13327.495521
10866883:5967,35.25957108,-120.66880035,135,13327.495521
10866883:5967,35.26139069,-120.66925049,136,13533.913451
10866883:5967,35.26367950,-120.67041779,137,13809.603323
10866883:5967,35.26406860,-120.67048645,138,13853.315996
10866883:5967,35.26477814,-120.67047119,139,13932.224705
10866883:5967,35.26483900,-120.67032600,140,13947.042375
10866883:5967,35.26483917,-120.67047119,141,13960.224284
10866883:5967,35.26824951,-120.67040253,142,14339.487955
10866883:5967,35.26988983,-120.67024994,143,14522.408488
10866883:5967,35.27040863,-120.67015076,144,14580.794757
10866883:5967,35.27040863,-120.67015076,145,14580.794757
10866883:5967,35.27056122,-120.67012787,146,14597.888517
10866883:5967,35.27474976,-120.66935730,147,15068.856690
10866883:5967,35.27508163,-120.66883087,148,15129.235286
10866883:5967,35.27508163,-120.66883087,149,15129.235286
10866883:5967,35.27576065,-120.66773987,150,15253.772235
10866883:5967,35.27777863,-120.66436768,151,15633.320554
10866883:5967,35.27777863,-120.66436768,152,15633.320554
10866883:5967,35.27870941,-120.66287231,153,15804.017987
10866883:5967,35.27920914,-120.66201019,154,15899.997286
10866883:5967,35.27920914,-120.66201019,155,15899.997286
10866883:5967,35.28047943,-120.65991211,156,16137.110240
10866883:5967,35.28049088,-120.65991974,157,16138.559008
10866883:5967,35.28118515,-120.65872955,158,16271.342479
10866883:5967,35.28176880,-120.65924072,159,16351.121909
10866883:5967,35.28176880,-120.65924072,160,16351.121909
10866883:5967,35.28430176,-120.66143799,161,16696.239338
10866883:5967,35.28348923,-120.66287231,162,16854.709592
10866883:5967,35.28295135,-120.66239166,163,16928.740073
10866883:5967,35.28292800,-120.66243000,164,16933.082152
11162412:4071,35.30025966,-120.65776035,0,0.000000
11162412:4071,35.30036926,-120.65773010,1,12.492600
11162412:4071,35.30033875,-120.65756989,2,27.423053
11162412:4071,35.30017090,-120.65718079,3,67.362812
11162412:4071,35.29933167,-120.65653229,4,177.688961
11162412:4071,35.29727936,-120.65357971,5,529.650334
11162412:4071,35.29687881,-120.65323639,6,584.005411
11162412:4071,35.29648972,-120.65312958,7,628.343872
11162412:4071,35.29529190,-120.65322876,8,761.838631
11162412:4071,35.29040909,-120.65323639,9,1304.783050
11162412:4071,35.29016113,-120.65312958,10,1334.009083
11162412:4071,35.28953934,-120.65261078,11,1417.660774
11162412:4071,35.28675079,-120.65730286,12,1944.452892
11162412:4071,35.28593826,-120.65870667,13,2100.652262
11162412:4071,35.28350449,-120.66289520,14,2567.317348
11162412:4071,35.28306961,-120.66249084,15,2628.025032
11162412:4071,35.28295135,-120.66239166,16,2643.961029
11162412:4071,35.28295135,-120.66239166,17,2643.961029
11162412:4071,35.28348923,-120.66287231,18,2717.991510
11162412:4071,35.28278351,-120.66211700,19,2822.194397
11162412:4071,35.28351593,-120.66082001,20,2965.346369
11162412:4071,35.28430176,-120.66143799,21,3069.181398
11162412:4071,35.28593063,-120.65870667,22,3376.210490
11162412:4071,35.28628540,-120.65810394,23,3443.656639
11162412:4071,35.28655624,-120.65766907,24,3493.305569
11162412:4071,35.28702164,-120.65689087,25,3580.867306
11162412:4071,35.28759003,-120.65592957,26,3688.605289
11162412:4071,35.28863907,-120.65686035,27,3832.632791
11162412:4071,35.28879166,-120.65704346,28,3856.383096
11162412:4071,35.28899002,-120.65737152,29,3893.438816
11162412:4071,35.28910065,-120.65767670,30,3923.746021
11162412:4071,35.28916931,-120.65773773,31,3933.179146
11162412:4071,35.28929138,-120.65811157,32,3969.724081
11162412:4071,35.28947830,-120.65856171,33,4015.562344
11162412:4071,35.28947067,-120.65865326,34,4023.915061
11162412:4071,35.28955078,-120.65882874,35,4042.163421
11162412:4071,35.28961182,-120.65885162,36,4049.261037
11162412:4071,35.29010010,-120.65953064,37,4131.394926
11162412:4071,35.29206085,-120.66118622,38,4396.184754
11162412:4071,35.29499817,-120.66381836,39,4800.837832
11162412:4071,35.29610825,-120.66474152,40,4950.020619
11162412:4071,35.29653931,-120.66502380,41,5004.369319
11162412:4071,35.29711914,-120.66525269,42,5072.107391
11162412:4071,35.29999924,-120.66612244,43,5401.943132
11162412:4071,35.30134964,-120.66638184,44,5553.935099
11162412:4071,35.30176544,-120.66641235,45,5600.253041
11162412:4071,35.30234909,-120.66304779,46,5912.401653
11162412:4071,35.30287933,-120.66004944,47,6190.809226
11162412:4071,35.30282974,-120.65956879,48,6234.774198
11162412:4071,35.30266953,-120.65917969,49,6274.323668
11162412:4071,35.30252075,-120.65892792,50,6302.531339
11162412:4071,35.30184174,-120.65834808,51,6394.560982
11162412:4071,35.30136108,-120.65805054,52,6454.440720
11162412:4071,35.30089188,-120.65801239,53,6506.728965
11162412:4071,35.30044174,-120.65808105,54,6557.168002
11162412:4071,35.30036926,-120.65773010,55,6590.020757
11162412:4071,35.30025966,-120.65776035,56,6602.513357
10866892:551,35.28292800,-120.66243000,0,0.000000
10866892:551,35.28295135,-120.66239166,1,4.342079
10866892:551,35.28348923,-120.66287231,2,78.372560
10866892:551,35.28430176,-120.66143799,3,236.842814
10866892:551,35.28118896,-120.65873718,4,660.992468
10866892:551,35.28239822,-120.65676117,5,885.161949
10866892:551,35.28239822,-120.65676117,6,885.161949
10866892:551,35.28298187,-120.65590668,7,986.294157
10866892:551,35.28150177,-120.65441895,8,1199.185765
10866892:551,35.28060913,-120.65345001,9,1331.803361
10866892:551,35.28052139,-120.65306091,10,1368.445379
10866892:551,35.28044891,-120.65199280,11,1465.734976
10866892:551,35.28036118,-120.65168762,12,1495.104247
10866892:551,35.27859879,-120.65012360,13,1737.095580
10866892:551,35.27852308,-120.65019791,14,1747.883206
10866892:551,35.27856064,-120.65009308,15,1758.275255
10866892:551,35.27487183,-120.64679718,16,2265.975956
10866892:551,35.27487183,-120.64679718,17,2265.975956
10866892:551,35.27394104,-120.64597321,18,2393.674684
10866892:551,35.27175903,-120.64407349,19,2691.349273
10866892:551,35.27175903,-120.64407349,20,2691.349273
10866892:551,35.27154160,-120.64385986,21,2722.343934
10866892:551,35.26987839,-120.64241028,22,2949.326165
10866892:551,35.26977500,-120.64244100,23,2961.155808
10866892:551,35.26982880,-120.64235687,24,2970.857019
10866892:551,35.26961899,-120.64211273,25,3003.036520
10866892:551,35.26940155,-120.64176178,26,3043.032765
10866892:551,35.26921082,-120.64131927,27,3088.460258
10866892:551,35.26845169,-120.63858032,28,3351.053690
10866892:551,35.26834869,-120.63835907,29,3374.175875
10866892:551,35.26646042,-120.63977051,30,3620.155264
10866892:551,35.26649857,-120.63986969,31,3630.108866
10866892:551,35.26649857,-120.63986969,32,3630.108866
10866892:551,35.26646042,-120.63977051,33,3640.062468
10866892:551,35.26572037,-120.64031219,34,3735.927987
10866892:551,35.26504135,-120.64083099,35,3824.918205
10866892:551,35.26504135,-120.64083099,36,3824.918205
10866892:551,35.26335907,-120.64208221,37,4043.771123
10866892:551,35.26345062,-120.64225006,38,4062.097731
10866892:551,35.26345062,-120.64225006,39,4062.097731
10866892:551,35.26330185,-120.64234161,40,4080.611449
10866892:551,35.26321030,-120.64217377,41,4098.938080
10866892:551,35.26132965,-120.64357758,42,4343.836743
10866892:551,35.26137924,-120.64317322,43,4380.961694
10866892:551,35.26137924,-120.64312744,44,4385.117898
10866892:551,35.26142883,-120.63996887,45,4671.948861
10866892:551,35.26142120,-120.63990784,46,4677.555022
10866892:551,35.26129150,-120.63990784,47,4691.976971
10866892:551,35.26123047,-120.63980103,48,4703.813711
10866892:551,35.26126099,-120.63966370,49,4716.735860
10866892:551,35.26140976,-120.63961792,50,4733.792796
10866892:551,35.26144028,-120.63780975,51,4897.997808
10866892:551,35.26144028,-120.63777161,52,4901.461308
10866892:551,35.26144028,-120.63584137,53,5076.714423
10866892:551,35.25883865,-120.63310242,54,5458.199094
10866892:551,35.25883865,-120.63310242,55,5458.199094
10866892:551,35.25854111,-120.63278961,56,5501.803162
10866892:551,35.25841904,-120.63295746,57,5522.211467
10866892:551,35.25825119,-120.63333893,58,5561.556213
10866892:551,35.25806046,-120.63423920,59,5646.004733
10866892:551,35.25592041,-120.63820648,60,6077.730553
10866892:551,35.25592041,-120.63820648,61,6077.730553
10866892:551,35.25574112,-120.63854980,62,6114.733933
10866892:551,35.25558090,-120.63910675,63,6168.350940
10866892:551,35.25542831,-120.63915253,64,6185.819643
10866892:551,35.25537109,-120.63906860,65,6195.746954
10866892:551,35.25537109,-120.63900757,66,6201.288969
10866892:551,35.25516129,-120.63881683,67,6230.344311
10866892:551,35.25511932,-120.63871765,68,6240.487058
10866892:551,35.25289154,-120.63690948,69,6537.675562
10866892:551,35.25275040,-120.63671112,70,6561.565997
10866892:551,35.25270081,-120.63655090,71,6577.124251
10866892:551,35.25265884,-120.63629150,72,6601.136293
10866892:551,35.25267029,-120.63585663,73,6640.644970
10866892:551,35.25260925,-120.63567352,74,6658.603386
10866892:551,35.25254822,-120.63556671,75,6670.440976
10866892:551,35.25230026,-120.63527679,76,6708.562023
10866892:551,35.25094986,-120.63417816,77,6888.838597
10866892:551,35.25088120,-120.63410187,78,6899.148365
10866892:551,35.25067139,-120.63368988,79,6943.237294
10866892:551,35.25067139,-120.63368988,80,6943.237294
10866892:551,35.25035095,-120.63332367,81,6991.975174
10866892:551,35.25014877,-120.63330078,82,7014.552317
10866892:551,35.24969864,-120.63452148,83,7136.176710
10866892:551,35.24961090,-120.63501740,84,7182.253446
10866892:551,35.24954987,-120.63590240,85,7262.904474
10866892:551,35.24966812,-120.63717651,86,7379.347110
10866892:551,35.24979000,-120.63722200,87,7393.514864
10866892:551,35.24967957,-120.63723755,88,7405.875534
10866892:551,35.24980164,-120.63835144,89,7507.931028
10866892:551,35.24979019,-120.63896942,90,7564.062220
10866892:551,35.24969864,-120.63945007,91,7608.880128
10866892:551,35.24919891,-120.64080048,92,7743.508621
10866892:551,35.24919891,-120.64080048,93,7743.508621
10866892:551,35.24834824,-120.64302826,94,7966.830726
10866892:551,35.24731827,-120.64244843,95,8092.882057
10866892:551,35.24731827,-120.64244843,96,8092.882057
10866892:551,35.24467087,-120.64114380,97,8410.205601
10866892:551,35.24386978,-120.64054871,98,8514.393940
10866892:551,35.24386978,-120.64054871,99,8514.393940
10866892:551,35.24314117,-120.63996124,100,8611.399165
10866892:551,35.24097061,-120.63797760,101,8912.571476
10866892:551,35.24074173,-120.63838196,102,8957.251052
10866892:551,35.24071121,-120.63910675,103,9023.161786
10866892:551,35.24058151,-120.63941956,104,9055.020951
10866892:551,35.23995972,-120.64022064,105,9155.386973
10866892:551,35.23986053,-120.64025116,106,9166.758442
10866892:551,35.23963165,-120.64012909,107,9194.518683
10866892:551,35.23947906,-120.63993835,108,9218.766093
10866892:551,35.23939896,-120.63967896,109,9243.952105
10866892:551,35.23939896,-120.63754272,110,9437.960861
10866892:551,35.23939896,-120.63754272,111,9437.960861
10866892:551,35.23944092,-120.63716125,112,9472.918065
10866892:551,35.23971176,-120.63723755,113,9503.821272
10866892:551,35.24029160,-120.63775635,114,9583.676748
10866892:551,35.24037170,-120.63844299,115,9646.668982
10866892:551,35.24045181,-120.63855743,116,9660.357122
10866892:551,35.24071884,-120.63858032,117,9690.122041
10866892:551,35.24074173,-120.63838196,118,9708.315732
10866892:551,35.24097061,-120.63797760,119,9752.995308
10866892:551,35.24314117,-120.63996124,120,10054.167618
10866892:551,35.24467087,-120.64114380,121,10255.326786
10866892:551,35.24731827,-120.64244843,122,10572.650330
10866892:551,35.25016022,-120.64408112,123,10921.711766
10866892:551,35.25016022,-120.64408112,124,10921.711766
10866892:551,35.25181961,-120.64495850,125,11122.693433
10866892:551,35.25466156,-120.64611053,126,11455.567949
10866892:551,35.25466156,-120.64611053,127,11455.567949
10866892:551,35.25616837,-120.64679718,128,11634.341368
10866892:551,35.25625992,-120.64678955,129,11644.545110
10866892:551,35.25791931,-120.64765930,130,11845.250819
10866892:551,35.25791931,-120.64765930,131,11845.250819
10866892:551,35.25897980,-120.64826965,132,11975.544483
10866892:551,35.26039886,-120.64922333,133,12155.534429
10866892:551,35.26126862,-120.64987183,134,12268.760039
10866892:551,35.26145935,-120.65003967,135,12294.876142
10866892:551,35.26147842,-120.65013123,136,12303.454841
10866892:551,35.26266861,-120.65100098,137,12457.566422
10866892:551,35.26266861,-120.65100098,138,12457.566422
10866892:551,35.26480865,-120.65261078,139,12736.828739
10866892:551,35.26480865,-120.65261078,140,12736.828739
10866892:551,35.26797104,-120.65512085,141,13155.854674
10866892:551,35.26805115,-120.65509796,142,13165.001503
10866892:551,35.26884079,-120.65573883,143,13270.332885
10866892:551,35.26884079,-120.65573883,144,13270.332885
10866892:551,35.26977921,-120.65646362,145,13393.693985
10866892:551,35.27016068,-120.65685272,146,13448.893877
10866892:551,35.27016068,-120.65685272,147,13448.893877
10866892:551,35.27220154,-120.65849304,148,13720.323114
10866892:551,35.27452850,-120.66056824,149,14040.384700
10866892:551,35.27452850,-120.66056824,150,14040.384700
10866892:551,35.27811813,-120.66380310,151,14535.915211
10866892:551,35.27920914,-120.66201019,152,14738.904448
10866892:551,35.27920914,-120.66201019,153,14738.904448
10866892:551,35.28047943,-120.65991211,154,14976.017403
10866892:551,35.28047943,-120.65991211,155,14976.017403
10866892:551,35.28118896,-120.65873718,156,15108.678421
10866892:551,35.28176880,-120.65924072,157,15187.710655
10866892:551,35.28176880,-120.65924072,158,15187.710655
10866892:551,35.28258896,-120.65995026,159,15299.357243
10866892:551,35.28179169,-120.66136169,160,15455.155717
10866892:551,35.28295135,-120.66239166,161,15614.430134
10866892:551,35.28292800,-120.66243000,162,15618.772212
10866895:3634,35.28292800,-120.66243000,0,0.000000
10866895:3634,35.28295135,-120.66239166,1,4.342079
10866895:3634,35.28268051,-120.66213989,2,42.147658
10866895:3634,35.27973938,-120.66715240,3,602.480572
10866895:3634,35.27864838,-120.66615295,4,753.966247
10866895:3634,35.27864838,-120.66615295,5,753.966247
10866895:3634,35.27848053,-120.66599274,6,777.627412
10866895:3634,35.27737045,-120.66503906,7,928.393872
10866895:3634,35.27605057,-120.66381836,8,1112.293126
10866895:3634,35.27605057,-120.66383362,9,1113.678277
10866895:3634,35.27587128,-120.66365814,10,1139.196778
10866895:3634,35.27341843,-120.66770935,11,1597.061138
10866895:3634,35.27334976,-120.66783142,12,1610.518353
10866895:3634,35.27334976,-120.66783142,13,1610.518353
10866895:3634,35.27307129,-120.66828156,14,1661.788539
10866895:3634,35.27219009,-120.66980743,15,1831.461697
10866895:3634,35.27111816,-120.67003632,16,1952.452411
10866895:3634,35.27109909,-120.67002869,17,1954.683516
10866895:3634,35.26951981,-120.67030334,18,2132.053336
10866895:3634,35.26720810,-120.67043304,19,2389.372925
10866895:3634,35.26720810,-120.67043304,20,2389.372925
10866895:3634,35.26406860,-120.67048645,21,2738.502606
10866895:3634,35.26367950,-120.67041779,22,2782.215279
10866895:3634,35.26129150,-120.66921234,23,3069.419582
10866895:3634,35.25851059,-120.66854858,24,3384.461180
10866895:3634,35.25643921,-120.66867065,25,3615.054726
10866895:3634,35.25643921,-120.66867065,26,3615.054726
10866895:3634,35.25621033,-120.66867828,27,3640.514651
10866895:3634,35.25531006,-120.66876221,28,3740.909563
10866895:3634,35.25461960,-120.66899872,29,3820.632190
10866895:3634,35.25497055,-120.66979218,30,3902.568807
10866895:3634,35.25616074,-120.67286682,31,4211.526924
10866895:3634,35.25616074,-120.67286682,32,4211.526924
10866895:3634,35.25650024,-120.67373657,33,4299.059102
10866895:3634,35.25669861,-120.67417908,34,4344.894328
10866895:3634,35.25730133,-120.67402649,35,4413.331069
10866895:3634,35.25975037,-120.67304230,36,4699.938550
10866895:3634,35.26354980,-120.67070007,37,5172.920030
10866895:3634,35.26367950,-120.67041779,38,5202.328350
10866895:3634,35.26129150,-120.66921234,39,5489.532653
10866895:3634,35.25841141,-120.66854095,40,5815.534786
10866895:3634,35.25531006,-120.66876221,41,6160.973705
10866895:3634,35.25461960,-120.66899872,42,6240.696332
10866895:3634,35.25407028,-120.66931915,43,6308.353460
10866895:3634,35.25407028,-120.66931915,44,6308.353460
10866895:3634,35.25310135,-120.66989136,45,6427.967797
10866895:3634,35.25148010,-120.67086029,46,6628.566470
10866895:3634,35.25148010,-120.67086029,47,6628.566470
10866895:3634,35.24843979,-120.67269135,48,7005.310203
10866895:3634,35.24843979,-120.67269135,49,7005.310203
10866895:3634,35.24679947,-120.67366028,50,7207.819207
10866895:3634,35.24426270,-120.67521667,51,7523.324611
10866895:3634,35.24425507,-120.67520905,52,7524.419935
10866895:3634,35.24326706,-120.67582703,53,7647.785529
10866895:3634,35.24205399,-120.67662048,54,7800.713485
10866895:3634,35.24222183,-120.67700958,55,7840.675651
10866895:3634,35.24233246,-120.67728424,56,7868.487062
10866895:3634,35.24240112,-120.67752075,57,7891.282509
10866895:3634,35.24238968,-120.67778778,58,7915.566072
10866895:3634,35.24240112,-120.67794800,59,7930.171732
10866895:3634,35.24242401,-120.67808533,60,7942.900294
10866895:3634,35.24242020,-120.67825317,61,7958.149171
10866895:3634,35.24243927,-120.67855072,62,7985.253913
10866895:3634,35.24243927,-120.67855072,63,7985.253913
10866895:3634,35.24245834,-120.67913055,64,8037.954146
10866895:3634,35.24250031,-120.67980194,65,8099.104282
10866895:3634,35.24254990,-120.68006897,66,8123.973489
10866895:3634,35.24272919,-120.68058014,67,8174.495013
10866895:3634,35.24293137,-120.68099213,68,8218.144118
10866895:3634,35.24325180,-120.68137360,69,8267.839926
10866895:3634,35.24372864,-120.68173218,70,8330.063237
10866895:3634,35.24520874,-120.68241882,71,8506.059882
10866895:3634,35.24596024,-120.68267059,72,8592.693765
10866895:3634,35.24702835,-120.68315125,73,8719.229275
10866895:3634,35.24706044,-120.68306834,74,8727.561252
10866895:3634,35.24700928,-120.68321991,75,8742.455244
10866895:3634,35.24768066,-120.68356323,76,8823.358515
10866895:3634,35.24837875,-120.68399811,77,8910.450324
10866895:3634,35.24929810,-120.68469238,78,9030.554137
10866895:3634,35.25040817,-120.68566132,79,9182.137860
10866895:3634,35.25064087,-120.68576050,80,9209.535167
10866895:3634,35.25064087,-120.68576050,81,9209.535167
10866895:3634,35.25342941,-120.68820190,82,9590.705644
10866895:3634,35.25540161,-120.68981171,83,9854.254846
10866895:3634,35.25664902,-120.69071960,84,10015.608391
10866895:3634,35.25677109,-120.69090271,85,10037.071356
10866895:3634,35.25777817,-120.69172668,86,10171.746387
10866895:3634,35.25794983,-120.69185638,87,10194.174740
10866895:3634,35.25794983,-120.69185638,88,10194.174740
10866895:3634,35.25825882,-120.69214630,89,10237.457768
10866895:3634,35.25962830,-120.69380188,90,10451.432310
10866895:3634,35.25968933,-120.69386292,91,10460.194235
10866895:3634,35.25968933,-120.69386292,92,10460.194235
10866895:3634,35.26094055,-120.69535828,93,10654.592741
10866895:3634,35.26237106,-120.69705963,94,10876.320903
10866895:3634,35.26237106,-120.69705963,95,10876.320903
10866895:3634,35.26340866,-120.69828033,96,11036.304723
10866895:3634,35.26351929,-120.69833374,97,11049.526943
10866895:3634,35.26182938,-120.70049286,98,11321.074713
10866895:3634,35.26174164,-120.70063019,99,11336.906475
10866895:3634,35.26174164,-120.70063019,100,11336.906475
10866895:3634,35.26165009,-120.70076752,101,11353.003105
10866895:3634,35.26203918,-120.70118713,102,11410.652173
10866895:3634,35.26272964,-120.70162964,103,11497.304500
10866895:3634,35.26308823,-120.70195770,104,11547.073887
10866895:3634,35.26308823,-120.70195770,105,11547.073887
10866895:3634,35.26316833,-120.70205688,106,11559.740186
10866895:3634,35.26369858,-120.70149994,107,11637.414029
10866895:3634,35.26480103,-120.70004272,108,11817.777702
10866895:3634,35.26469040,-120.69989777,109,11835.792200
10866895:3634,35.26469040,-120.69989777,110,11835.792200
10866895:3634,35.26345825,-120.69844818,111,12025.771654
10866895:3634,35.26340866,-120.69828033,112,12041.977676
10866895:3634,35.26253891,-120.69725800,113,12176.025253
10866895:3634,35.26171875,-120.69631195,114,12301.304136
10866895:3634,35.26171875,-120.69628906,115,12303.382229
10866895:3634,35.26007843,-120.69432068,116,12558.740957
10866895:3634,35.26007843,-120.69432068,117,12558.740957
10866895:3634,35.25825882,-120.69214630,118,12841.432791
10866895:3634,35.25769043,-120.69165039,119,12919.034153
10866895:3634,35.25769043,-120.69165039,120,12919.034153
10866895:3634,35.25677109,-120.69090271,121,13041.749223
10866895:3634,35.25659180,-120.69082642,122,13062.854720
10866895:3634,35.25947189,-120.68405914,123,13755.755285
10866895:3634,35.25947189,-120.68405914,124,13755.755285
10866895:3634,35.26081848,-120.68093872,125,14076.207735
10866895:3634,35.26118851,-120.68031311,126,14146.345765
10866895:3634,35.26116180,-120.68019867,127,14157.152222
10866895:3634,35.26388931,-120.67646027,128,14612.329952
10866895:3634,35.26388931,-120.67646027,129,14612.329952
10866895:3634,35.26451111,-120.67559814,130,14716.766472
10866895:3634,35.26467896,-120.67548370,131,14738.127366
10866895:3634,35.26795959,-120.67092896,132,15289.551374
10866895:3634,35.26824951,-120.67040253,133,15347.199915
10866895:3634,35.26988983,-120.67024994,134,15530.120449
10866895:3634,35.27040863,-120.67015076,135,15588.506718
10866895:3634,35.27040863,-120.67015076,136,15588.506718
10866895:3634,35.27056122,-120.67012787,137,15605.600477
10866895:3634,35.27474976,-120.66935730,138,16076.568651
10866895:3634,35.27508163,-120.66883087,139,16136.947246
10866895:3634,35.27508163,-120.66883087,140,16136.947246
10866895:3634,35.27576065,-120.66773987,141,16261.484196
10866895:3634,35.27777863,-120.66436768,142,16641.032515
10866895:3634,35.27777863,-120.66436768,143,16641.032515
10866895:3634,35.27870941,-120.66287231,144,16811.729947
10866895:3634,35.27920914,-120.66201019,145,16907.709246
10866895:3634,35.27920914,-120.66201019,146,16907.709246
10866895:3634,35.28047943,-120.65991211,147,17144.822201
10866895:3634,35.28047943,-120.65991211,148,17144.822201
10866895:3634,35.28118896,-120.65873718,149,17277.483219
10866895:3634,35.28176880,-120.65924072,150,17356.515454
10866895:3634,35.28176880,-120.65924072,151,17356.515454
10866895:3634,35.28348923,-120.66075134,152,17591.884005
10866895:3634,35.28429031,-120.66145325,153,17701.399876
10866895:3634,35.28348160,-120.66286469,154,17857.923745
10866895:3634,35.28295135,-120.66239166,155,17930.860756
10866895:3634,35.28292800,-120.66243000,156,17935.202835
10866826:1075,35.28292800,-120.66243000,0,0.000000
10866826:1075,35.28295135,-120.66239166,1,4.342079
10866826:1075,35.28266907,-120.66213989,2,43.168990
10866826:1075,35.28142166,-120.66423035,3,278.211084
10866826:1075,35.27973938,-120.66715240,4,602.779882
10866826:1075,35.27864838,-120.66615295,5,754.265557
10866826:1075,35.27862930,-120.66613007,6,757.234526
10866826:1075,35.27737045,-120.66503906,7,928.704264
10866826:1075,35.27775955,-120.66439819,8,1001.204542
10866826:1075,35.27777863,-120.66436768,9,1004.693432
10866826:1075,35.27811813,-120.66380310,10,1068.346226
10866826:1075,35.27471924,-120.66074371,11,1537.353407
10866826:1075,35.27464543,-120.66076845,12,1545.862365
10866826:1075,35.27468109,-120.66071320,13,1552.256460
10866826:1075,35.27175903,-120.65811920,14,1953.534843
10866826:1075,35.27009964,-120.65679932,15,2173.543404
10866826:1075,35.27000046,-120.65682220,16,2184.765993
10866826:1075,35.26903152,-120.65606689,17,2312.476263
10866826:1075,35.26903152,-120.65606689,18,2312.476263
10866826:1075,35.26805115,-120.65528107,19,2442.758602
10866826:1075,35.26797104,-120.65512085,20,2459.814946
10866826:1075,35.26744080,-120.65467834,21,2531.160790
10866826:1075,35.26713181,-120.65444183,22,2571.676681
10866826:1075,35.26713181,-120.65444183,23,2571.676681
10866826:1075,35.26493835,-120.65270996,24,2861.866343
10866826:1075,35.26287842,-120.65115356,25,3131.001047
10866826:1075,35.26282120,-120.65110779,26,3138.600809
10866826:1075,35.26282120,-120.65110779,27,3138.600809
10866826:1075,35.26174927,-120.65032196,28,3277.516100
10866826:1075,35.26147842,-120.65013123,29,3312.256473
10866826:1075,35.26140976,-120.65013885,30,3319.922981
10866826:1075,35.25991058,-120.64904022,31,3514.188682
10866826:1075,35.25811005,-120.64788818,32,3740.077189
10866826:1075,35.25630951,-120.64694214,33,3957.937166
10866826:1075,35.25616837,-120.64679718,34,3978.420295
10866826:1075,35.25415039,-120.64588928,35,4217.473014
10866826:1075,35.25360870,-120.64569092,36,4280.341319
10866826:1075,35.25360870,-120.64569092,37,4280.341319
10866826:1075,35.25181961,-120.64495850,38,4490.101780
10866826:1075,35.25107956,-120.64459229,39,4578.856746
10866826:1075,35.24731827,-120.64244843,40,5040.182408
10866826:1075,35.24731827,-120.64244843,41,5040.182408
10866826:1075,35.24467087,-120.64114380,42,5357.505952
10866826:1075,35.24386978,-120.64054871,43,5461.694290
10866826:1075,35.24386978,-120.64054871,44,5461.694290
10866826:1075,35.24314117,-120.63996124,45,5558.699516
10866826:1075,35.24097061,-120.63797760,46,5859.871827
10866826:1075,35.24074173,-120.63838196,47,5904.551402
10866826:1075,35.24071121,-120.63910675,48,5970.462136
10866826:1075,35.24058151,-120.63941956,49,6002.321301
10866826:1075,35.23995972,-120.64022064,50,6102.687323
10866826:1075,35.23986053,-120.64025116,51,6114.058793
10866826:1075,35.23963165,-120.64012909,52,6141.819034
10866826:1075,35.23947906,-120.63993835,53,6166.066444
10866826:1075,35.23939896,-120.63967896,54,6191.252456
10866826:1075,35.23939896,-120.63754272,55,6385.261212
10866826:1075,35.23939896,-120.63754272,56,6385.261212
10866826:1075,35.23943329,-120.63716125,57,6420.115325
10866826:1075,35.23949051,-120.63719940,58,6427.360002
10866826:1075,35.23967361,-120.63721466,59,6447.767506
10866826:1075,35.23998642,-120.63747406,60,6489.776968
10866826:1075,35.24029160,-120.63775635,61,6532.306410
10866826:1075,35.24031830,-120.63783264,62,6539.844624
10866826:1075,35.24036789,-120.63844299,63,6595.548659
10866826:1075,35.24042130,-120.63853455,64,6605.766148
10866826:1075,35.24048615,-120.63858032,65,6614.089675
10866826:1075,35.24070358,-120.63858032,66,6638.267649
10866826:1075,35.24073410,-120.63838196,67,6656.599271
10866826:1075,35.24097061,-120.63795471,68,6703.473053
10866826:1075,35.24312592,-120.63991547,69,7002.043065
10866826:1075,35.24383163,-120.64048767,70,7096.160928
10866826:1075,35.24456787,-120.64104462,71,7192.390469
10866826:1075,35.24469757,-120.64112854,72,7208.702321
10866826:1075,35.24554825,-120.64156342,73,7311.206310
10866826:1075,35.24639893,-120.64196777,74,7412.674668
10866826:1075,35.24733353,-120.64243317,75,7524.862302
10866826:1075,35.24835205,-120.64302063,76,7650.052231
10866826:1075,35.24858093,-120.64244843,77,7707.911152
10866826:1075,35.24940109,-120.64025879,78,7926.663395
10866826:1075,35.24936425,-120.64023556,79,7931.271010
10866826:1075,35.24969864,-120.63945007,80,8011.708252
10866826:1075,35.24980927,-120.63876343,81,8075.262069
10866826:1075,35.24972916,-120.63764191,82,8177.492458
10866826:1075,35.24948883,-120.63552856,83,8371.250050
10866826:1075,35.24953079,-120.63491821,84,8426.870267
10866826:1075,35.24964905,-120.63433838,85,8481.140290
10866826:1075,35.25014877,-120.63301086,86,8613.877835
10866826:1075,35.25027084,-120.63304901,87,8627.886467
10866826:1075,35.25030136,-120.63316345,88,8638.818410
10866826:1075,35.25062180,-120.63350677,89,8686.162602
10866826:1075,35.25088120,-120.63394165,90,8735.064139
10866826:1075,35.25088120,-120.63394165,91,8735.064139
10866826:1075,35.25107956,-120.63420105,92,8767.334035
10866826:1075,35.25244141,-120.63532257,93,8949.823441
10866826:1075,35.25254059,-120.63549042,94,8968.636190
10866826:1075,35.25268173,-120.63594055,95,9012.419525
10866826:1075,35.25268936,-120.63655090,96,9067.848009
10866826:1075,35.25275040,-120.63671112,97,9083.901442
10866826:1075,35.25286102,-120.63686371,98,9102.429547
10866826:1075,35.25518036,-120.63878632,99,9413.859310
10866826:1075,35.25542831,-120.63884735,100,9441.982159
10866826:1075,35.25556183,-120.63877869,101,9458.084321
10866826:1075,35.25601959,-120.63796234,102,9548.002560
10866826:1075,35.25605011,-120.63796997,103,9551.465949
10866826:1075,35.25642014,-120.63726044,104,9627.908873
10866826:1075,35.25651169,-120.63691711,105,9660.702445
10866826:1075,35.25664902,-120.63670349,106,9685.388808
10866826:1075,35.25669098,-120.63633728,107,9718.966138
10866826:1075,35.25677109,-120.63626862,108,9729.838934
10866826:1075,35.25688171,-120.63630676,109,9742.618356
10866826:1075,35.25690842,-120.63642120,110,9753.425341
10866826:1075,35.25711823,-120.63667297,111,9786.088271
10866826:1075,35.25796890,-120.63729095,112,9896.069863
10866826:1075,35.25801849,-120.63739014,113,9906.629502
10866826:1075,35.25835037,-120.63761139,114,9948.646406
10866826:1075,35.25835037,-120.63761139,115,9948.646406
10866826:1075,35.25954056,-120.63848114,116,10102.759548
10866826:1075,35.25976181,-120.63880157,117,10140.861112
10866826:1075,35.26015854,-120.63952637,118,10220.086846
10866826:1075,35.26034164,-120.63963318,119,10242.638918
10866826:1075,35.26123047,-120.63974762,120,10342.016384
10866826:1075,35.26129913,-120.63961792,121,10356.050912
10866826:1075,35.26140976,-120.63961792,122,10368.351986
10866826:1075,35.26144028,-120.63584137,123,10711.255371
10866826:1075,35.26390076,-120.63580322,124,10984.870156
10866826:1075,35.26390076,-120.63580322,125,10984.870156
10866826:1075,35.26494980,-120.63578033,126,11101.536784
10866826:1075,35.26491165,-120.63806915,127,11309.381138
10866826:1075,35.26491165,-120.63861084,128,11358.560735
10866826:1075,35.26491165,-120.63861084,129,11358.560735
10866826:1075,35.26491165,-120.63966370,130,11454.149248
10866826:1075,35.26499176,-120.64005280,131,11490.581173
10866826:1075,35.26507950,-120.64025116,132,11511.063326
10866826:1075,35.26507950,-120.64025116,133,11511.063326
10866826:1075,35.26528168,-120.64064789,134,11553.522216
10866826:1075,35.26618958,-120.63996124,135,11672.172445
10866826:1075,35.26618958,-120.63996124,136,11672.172445
10866826:1075,35.26684189,-120.63948822,137,11756.466088
10866826:1075,35.26705170,-120.64018250,138,11823.676440
10866826:1075,35.26705170,-120.64018250,139,11823.676440
10866826:1075,35.26707077,-120.64026642,140,11831.585289
10866826:1075,35.26779175,-120.64298248,141,12090.873257
10866826:1075,35.26789856,-120.64324951,142,12117.868881
10866826:1075,35.26810837,-120.64359283,143,12156.801856
10866826:1075,35.26831818,-120.64380646,144,12187.139915
10866826:1075,35.26953125,-120.64488983,145,12354.077776
10866826:1075,35.26971054,-120.64502716,146,12377.591340
10866826:1075,35.26971054,-120.64502716,147,12377.591340
10866826:1075,35.27070999,-120.64588165,148,12513.121626
10866826:1075,35.27236938,-120.64742279,149,12744.682499
10866826:1075,35.27283859,-120.64779663,150,12806.922671
10866826:1075,35.27283859,-120.64779663,151,12806.922671
10866826:1075,35.27317047,-120.64810181,152,12853.067683
10866826:1075,35.27429962,-120.64629364,153,13059.726435
10866826:1075,35.27466965,-120.64662170,154,13110.518512
10866826:1075,35.27466965,-120.64662170,155,13110.518512
10866826:1075,35.27817154,-120.64974976,156,13592.448786
10866826:1075,35.27859879,-120.65012360,157,13650.831745
10866826:1075,35.27862930,-120.65014648,158,13654.810669
10866826:1075,35.28002167,-120.65135193,159,13844.398913
10866826:1075,35.28036118,-120.65168762,160,13892.913950
10866826:1075,35.28044891,-120.65199280,161,13922.283220
10866826:1075,35.28054810,-120.65325928,162,14037.772169
10866826:1075,35.28057098,-120.65335846,163,14047.127961
10866826:1075,35.28065872,-120.65352631,164,14065.219657
10866826:1075,35.28285980,-120.65579224,165,14384.917092
10866826:1075,35.28285980,-120.65579224,166,14384.917092
10866826:1075,35.28430939,-120.65724182,167,14592.988239
10866826:1075,35.28350830,-120.65837860,168,14729.302359
10866826:1075,35.28350830,-120.65837860,169,14729.302359
10866826:1075,35.28339005,-120.65854645,170,14749.427481
10866826:1075,35.28258896,-120.65995026,171,14904.898586
10866826:1075,35.28430176,-120.66143799,172,15138.369560
10866826:1075,35.28348923,-120.66287231,173,15296.839814
10866826:1075,35.28295135,-120.66239166,174,15370.870295
10866826:1075,35.28292800,-120.66243000,175,15375.212374
